r1	1	0	2.000000
r2	2	3	6.000000
r3	3	0	4.000000
r4	1	4	3.000000
r5	4	0	1.000000
i1	0	2	10.000000
v1	1	2	20.000000
e1	3	4	1	4	3.000000

MATRIX SUMMARY

Size of matrix = 6 x 6.

     0.833         0         0    -0.333         1         0
         0     0.167    -0.167         0        -1         0
         0    -0.167     0.417         0         0         1
    -0.333         0         0      1.33         0        -1
         1        -1         0         0         0         0
        -3         0         1         2         0         0


RHS
         0
        10
         0
         0
        20
         0
