r1	1	2	2.000000
r2	2	0	8.000000
r3	2	3	4.000000
r4	5	0	6.000000
r6	5	3	2.000000
i1	5	3	5.000000
v1	4	0	10.000000
vm	4	1	0.000000
f1	3	0	vm	3.000000

MATRIX SUMMARY

Size of matrix = 7 x 7.

         0         0         0         0         0         1         1
         0       0.5      -0.5         0         0         0        -1
         0      -0.5     0.875     -0.25         0         0         0
         0         0     -0.25      0.75      -0.5         0         3
         0         0         0      -0.5     0.667         0         0
         1         0         0         0         0         0         0
         1        -1         0         0         0         0         0


RHS
         0
         0
         0
         5
        -5
        10
         0
