r1	a1	a	2.000000
r3	c	d	4.000000
v1	a1	b	1.000000
Nt1	a	b	c	d	10.000000

MATRIX SUMMARY

Size of matrix = 7 x 7.

       0.5      -0.5         0         0         0         1         0
      -0.5       0.5         0         0         0         0         1
         0         0         0         0         0        -1        -1
         0         0         0      0.25     -0.25         0       -10
         0         0         0     -0.25      0.25         0        10
         1         0        -1         0         0         0         0
         0         1        -1       -10        10         0         0


RHS
         0
         0
         0
         0
         0
         1
         0
