r1	1	2	10.000000
r2	2	0	12.000000
r3	4	3	24.000000
r4	2	3	4.000000
v1	4	0	24.000000
vm	4	1	0.000000
h1	3	0	vm	4.000000

MATRIX SUMMARY

Size of matrix = 7 x 7.

    0.0417         0         0   -0.0417         1         1         0
         0       0.1      -0.1         0         0        -1         0
         0      -0.1     0.433     -0.25         0         0         0
   -0.0417         0     -0.25     0.292         0         0         1
         1         0         0         0         0         0         0
         1        -1         0         0         0         0         0
         0         0         0         1         0        -4         0


RHS
         0
         0
         0
         0
        24
         0
         0
